#Player
4 35 0 15
5 66 0 6 0
5 66 0 12 1
5 66 0 18 2
5 66 0 24 3
5 66 0 30 4
#PlayerAI_1
4 35 0 150
5 66 0 150 0
5 66 0 156 1
5 66 0 162 2
5 66 0 168 3
5 66 0 174 4
#PlayerAI_2
4 135 0 150
5 168 0 150 0
5 168 0 156 1
5 168 0 162 2
5 168 0 168 3
5 168 0 174 4
#PlayerAI_3
4 135 0 15
5 168 0 6 0
5 168 0 12 1
5 168 0 18 2
5 168 0 24 3
5 168 0 30 4
#Faction Starting Population
53
#Faction Starting Resources
470
#Map Size
30 30
#Scenery
2 102 0 60
2 66 0 102
2 72 0 54
2 126 0 42
2 48 0 60
2 42 0 102
2 96 0 126
1 132 0 120
1 36 0 120
1 30 0 66
1 114 0 84
