#Player
4 35 0 15
5 66 0 6 0
5 66 0 12 1
5 66 0 18 2
5 66 0 24 3
5 66 0 30 4
#PlayerAI_1
4 35 0 150
5 66 0 150 0
5 66 0 156 1
5 66 0 162 2
5 66 0 168 3
5 66 0 174 4
#PlayerAI_2
4 135 0 150
5 168 0 150 0
5 168 0 156 1
5 168 0 162 2
5 168 0 168 3
5 168 0 174 4
#PlayerAI_3
4 135 0 15
5 168 0 6 0
5 168 0 12 1
5 168 0 18 2
5 168 0 24 3
5 168 0 30 4
#Scenery
0 0 -0.01 0
1 90 0 60
1 78 0 48
1 138 0 78
1 144 0 108
2 102 0 96
2 108 0 54
2 120 0 84
2 108 0 108
2 78 0 114
2 72 0 90
2 102 0 24
2 42 0 84
2 54 0 108
2 48 0 54
1 66 0 66
1 12 0 48
1 54 0 90
2 12 0 114
1 24 0 84
1 42 0 108
1 156 0 66
2 126 0 66
1 96 0 126
2 114 0 132
2 6 0 84
2 96 0 156
2 78 0 126
2 90 0 78
2 90 0 96
1 108 0 72
1 18 0 102
2 30 0 144
